1740350147.1428432 0 0.10338692672641003
1740350147.1475112 0 0.10338692672641003
1740350147.1525419 0 0.10342105263157886
1740350147.1561825 0 0.10342105263157886
1740350147.1619058 0 0.10345507094062012
1740350147.167053 0 0.10345507094062012
1740350147.1718948 0 0.10345507094062012
1740350147.1775427 0 0.10345507094062012
1740350147.182198 0 0.10345507094062012
1740350147.1877728 0 0.10343807520378645
1740350147.1912112 0 0.10343807520378645
1740350147.1969993 0 0.1029121745990007
1740350147.202714 0 0.10343807520378645
1740350147.2070656 0 0.10343807520378645
1740350147.2121727 0 0.10345507094062012
1740350147.217982 0 0.10345507094062012
1740350147.2220964 0 0.10343807520378645
1740350147.2271054 0 0.10342105263157886
1740350147.2327993 0 0.10342105263157886
1740350147.236776 0 0.10342105263157886
1740350147.2416005 0 0.10342105263157886
1740350147.247053 0 0.10342105263157886
1740350147.2528324 0 0.10343807520378645
1740350147.2573419 0 0.10343807520378645
1740350147.2623374 0 0.10343807520378645
1740350147.2672908 0 0.10342105263157886
1740350147.2718906 0 0.10342105263157886
1740350147.276871 0 0.10342105263157886
1740350147.2815447 0 0.10391963109354418
1740350147.287158 0 0.10342105263157886
1740350147.2915187 0 0.10342105263157886
1740350147.2965102 0 0.10342105263157886
1740350147.3027334 0 0.10343807520378645
1740350147.3068419 0 0.1039362822538179
1740350147.312272 0 0.10343807520378645
1740350147.3171096 0 0.1039362822538179
1740350147.321961 0 0.10395290712970273
1740350147.3273282 0 0.10395290712970273
1740350147.333563 0 0.10395290712970273
1740350147.337332 0 0.10395290712970273
1740350147.341835 0 0.10395290712970273
1740350147.346989 0 0.10395290712970273
1740350147.3526561 0 0.10396950578338582
1740350147.356673 0 0.10398607827685846
1740350147.3629575 0 0.10398607827685846
1740350147.3674798 0 0.10398607827685846
1740350147.3716383 0 0.10398607827685846
1740350147.3771548 0 0.10350589777195274
1740350147.382 0 0.10350589777195274
1740350147.3871784 0 0.10343240399789577
1740350147.3924036 0 0.10341537246643862
1740350147.3975675 0 0.10348898216159497
1740350147.4029522 0 0.10348898216159497
1740350147.4062324 0 0.10348898216159497
1740350147.4120274 0 0.10348898216159497
1740350147.4167655 0 0.10348898216159497
1740350147.4236841 0 0.10348898216159497
1740350147.427051 0 0.10346073023377977
1740350147.4317608 0 0.10346073023377977
1740350147.4378042 0 0.10346073023377977
1740350147.44164 0 0.10346073023377977
1740350147.4465866 0 0.10346073023377977
1740350147.4525225 0 0.10346073023377977
1740350147.4570308 0 0.10346073023377977
1740350147.4616237 0 0.10293538219070131
1740350147.4672637 0 0.1029527559055119
1740350147.4727616 0 0.1029527559055119
1740350147.476456 0 0.1029527559055119
1740350147.4824774 0 0.1029527559055119
1740350147.4870918 0 0.10350589777195274
1740350147.4919863 0 0.10350589777195274
1740350147.4974515 0 0.1057341838063004
1740350147.5020132 0 0.1082854531209192
1740350147.5080302 0 0.10828981723237607
1740350147.512039 0 0.1060526315789474
1740350147.5171728 0 0.1065789473684211
1740350147.5238261 0 0.10806878306878298
1740350147.527229 0 0.1075995254416029
1740350147.5319693 0 0.10711937943728644
1740350147.5367718 0 0.10715223097112858
1740350147.5427973 0 0.10722686879247245
1740350147.5467856 0 0.10677083333333326
1740350147.5525527 0 0.10669934640522882
1740350147.5577447 0 0.10721292178917086
1740350147.5613194 0 0.10716159496327382
1740350147.569603 0 0.10664656528578931
1740350147.5754554 0 0.10611227701993697
1740350147.5782585 0 0.10613701860099556
1740350147.5868325 0 0.10613701860099556
1740350147.5928414 0 0.1055723286951955
1740350147.5931602 0 0.10610732091314623
1740350147.5991368 0 0.10611723052714406
1740350147.6026416 0 0.10611723052714406
1740350147.6082475 0 0.1066079873883341
1740350147.612438 0 0.10555701523909611
1740350147.6181037 0 0.1050681877786519
1740350147.6229358 0 0.10500526177321756
1740350147.6276019 0 0.10453293098924177
1740350147.632771 0 0.10502103049421652
1740350147.6377752 0 0.10504725649776847
1740350147.643323 0 0.10454902988987946
1740350147.6478667 0 0.10452218430034121
1740350147.6532686 0 0.10453830010493181
1740350147.65808 0 0.10453830010493181
1740350147.6627047 0 0.10401364113326328
1740350147.6671355 0 0.10401364113326328
1740350147.672825 0 0.10458115183246064
1740350147.6773906 0 0.10458115183246064
1740350147.6830163 0 0.10458115183246064
1740350147.6874208 0 0.10458115183246064
1740350147.6932535 0 0.10404662126767938
1740350147.6978486 0 0.10403014416775891
1740350147.7024524 0 0.10404662126767938
1740350147.7081487 0 0.10403014416775891
1740350147.712772 0 0.10456510348441195
1740350147.717275 0 0.10454902988987946
1740350147.7230804 0 0.1045758051846033
1740350147.7289581 0 0.1045758051846033
1740350147.7335095 0 0.10453293098924177
1740350147.7384331 0 0.10454902988987946
1740350147.7433841 0 0.10399711210291418
1740350147.7478385 0 0.104024646040902
1740350147.7527437 0 0.104024646040902
1740350147.7578926 0 0.10454902988987946
1740350147.762326 0 0.10453293098924177
1740350147.7679312 0 0.10454366640440593
1740350147.7731678 0 0.1040630724941114
1740350147.777502 0 0.10399711210291418
1740350147.7830324 0 0.103980557015239
1740350147.7882037 0 0.10351153039832295
1740350147.794973 0 0.10351153039832295
1740350147.7984853 0 0.10351153039832295
1740350147.8029764 0 0.10352841057868556
1740350147.8081899 0 0.10351153039832295
1740350147.812959 0 0.10351153039832295
1740350147.8181577 0 0.10351153039832295
1740350147.823104 0 0.10351153039832295
1740350147.8277376 0 0.10351153039832295
1740350147.832774 0 0.10352841057868556
1740350147.8376946 0 0.10352841057868556
1740350147.8423123 0 0.10352841057868556
1740350147.8475885 0 0.10351153039832295
1740350147.8522768 0 0.10351153039832295
1740350147.8584082 0 0.10351153039832295
1740350147.863658 0 0.10351153039832295
1740350147.868126 0 0.10351153039832295
1740350147.8728771 0 0.104024646040902
1740350147.8783236 0 0.104024646040902
1740350147.883542 0 0.10351153039832295
1740350147.8883114 0 0.10351153039832295
1740350147.89303 0 0.10351153039832295
1740350147.8982694 0 0.10351153039832295
1740350147.9032884 0 0.10352841057868556
1740350147.9075005 0 0.10351153039832295
1740350147.9135082 0 0.10354526425955002
1740350147.9183877 0 0.10352841057868556
1740350147.9227722 0 0.103494623655914
1740350147.9286728 0 0.103494623655914
1740350147.9333127 0 0.103494623655914
1740350147.9379828 0 0.103494623655914
1740350147.9431424 0 0.10351153039832295
1740350147.9484406 0 0.10346638655462193
1740350147.9532733 0 0.10346638655462193
1740350147.9588797 0 0.10346638655462193
1740350147.9634974 0 0.10346638655462193
1740350147.9683542 0 0.103494623655914
1740350147.9730546 0 0.103494623655914
1740350147.9779263 0 0.103494623655914
1740350147.9835098 0 0.103494623655914
1740350147.9891856 0 0.103494623655914
1740350147.9928162 0 0.103494623655914
1740350147.9975872 0 0.103494623655914
1740350148.0030966 0 0.103494623655914
1740350148.0077405 0 0.10351153039832295
1740350148.0124812 0 0.10351153039832295
1740350148.0190296 0 0.10351153039832295
1740350148.022761 0 0.10351153039832295
1740350148.0284328 0 0.10351153039832295
1740350148.032948 0 0.10351153039832295
1740350148.0377817 0 0.10351153039832295
1740350148.043585 0 0.10351153039832295
1740350148.0476847 0 0.10351153039832295
1740350148.0534294 0 0.10399159663865554
1740350148.0580354 0 0.103494623655914
1740350148.062395 0 0.10351153039832295
1740350148.0680714 0 0.10351153039832295
1740350148.0725026 0 0.10351153039832295
1740350148.0783875 0 0.10351153039832295
1740350148.0833004 0 0.10352841057868556
1740350148.0885513 0 0.10352841057868556
1740350148.0930634 0 0.10351153039832295
1740350148.0978568 0 0.09440418679549123
1740350148.103207 0 0.10227272727272729
1740350148.107927 0 0.10204217832354501
1740350148.112409 0 0.10126582278481022
1740350148.1181107 0 0.10046972860125258
1740350148.1227212 0 0.10111010127239672
1740350148.1285965 0 0.10113488975356688
1740350148.132684 0 0.10160514686768907
1740350148.138728 0.1 0.10263910556422262
1740350148.186115 0.1 0.10319880612509724
1740350148.1862612 0.1 0.10262747138397499
1740350148.1864026 0.1 0.10317047817047809
1740350148.186597 0.1 0.10317047817047809
1740350148.1867535 0.1 0.10364583333333344
1740350148.1869035 0.1 0.10411227154046987
1740350148.1870115 0.1 0.10411227154046987
1740350148.1871138 0.1 0.1046078431372548
1740350148.1872492 0.1 0.10512032435260266
1740350148.190592 0.1 0.10559270915289809
1740350148.1962905 0.1 0.10563840920983769
1740350148.199692 0.1 0.10613701860099556
1740350148.2036517 0.1 0.10562319979052104
1740350148.2088664 0.1 0.10669456066945604
1740350148.2133114 0.1 0.10666579360921946
1740350148.2179604 0.1 0.107754115495166
1740350148.223779 0.1 0.10824607329842939
1740350148.2283833 0.1 0.10879932061667108
1740350148.232898 0.1 0.10879932061667108
1740350148.2392185 0.1 0.10879932061667108
1740350148.2435982 0.1 0.10933829287392327
1740350148.2477627 0.1 0.10935054773082942
1740350148.253424 0.1 0.11037095088819227
1740350148.2588592 0.1 0.1103479853479854
1740350148.2636714 0.1 0.11087866108786604
1740350148.268201 0.1 0.1119144203088196
1740350148.2728958 0.1 0.11190413829229962
1740350148.2783434 0.1 0.11244441538059124
1740350148.283108 0.1 0.11298328108672928
1740350148.2888505 0.1 0.11299895643099389
1740350148.2936115 0.1 0.11353569567483057
1740350148.2987018 0.1 0.1145697522816167
1740350148.3033435 0.1 0.11456703182055294
1740350148.3090103 0.1 0.115086094442995
1740350148.3134496 0.1 0.115086094442995
1740350148.3193955 0.1 0.11560052219321149
1740350148.3237576 0.1 0.11614121938509636
1740350148.32868 0.1 0.11666015115976025
1740350148.3337348 0.1 0.1172017156225631
1740350148.3389866 0.1 0.1172017156225631
1740350148.3437908 0.1 0.1177310488058152
1740350148.348627 0.1 0.11824499870096128
1740350148.354119 0.1 0.11876785250584265
1740350148.3588526 0.1 0.11929016350895405
1740350148.3641324 0.1 0.11980114374837525
1740350148.369092 0.1 0.12033073929961091
1740350148.3735337 0.1 0.12084846912298919
1740350148.3794158 0.1 0.12085384814718836
1740350148.3839364 0.1 0.12137117677553144
1740350148.3893812 0.1 0.1218976215098242
1740350148.3937619 0.1 0.12240731138190308
1740350148.3982906 0.1 0.12292853443811502
1740350148.404076 0.1 0.12292531120331951
1740350148.4086185 0.1 0.12292531120331951
1740350148.4132082 0.1 0.12396319336443762
1740350148.4189477 0.1 0.12396238651102465
1740350148.423508 0.1 0.12396238651102465
1740350148.429182 0.1 0.125
1740350148.4337413 0.1 0.125
1740350148.4381564 0.1 0.12551934562451317
1740350148.5112236 0.1 0.12551934562451317
1740350148.5113924 0.1 0.126039501039501
1740350148.5115132 0.1 0.12655844155844154
1740350148.511623 0.1 0.12655965687548743
1740350148.5117297 0.1 0.1270822488287351
1740350148.511834 0.1 0.1276014568158168
1740350148.5119367 0.1 0.1281258140140662
1740350148.51204 0.1 0.12812744331508985
1740350148.5121555 0.1 0.12864678301641042
1740350148.5122583 0.1 0.12916992442011987
1740350148.5123706 0.1 0.12916992442011987
1740350148.5124745 0.1 0.13021648408972353
1740350148.512575 0.1 0.13021648408972353
1740350148.512675 0.1 0.13075013068478825
1740350148.514667 0.1 0.1312646828504307
1740350148.5185492 0.1 0.13126959247648906
1740350148.523909 0.1 0.13180094166884637
1740350148.5287561 0.1 0.13230879665883588
1740350148.5337048 0.1 0.1328534031413613
1740350148.5429177 0.1 0.1328534031413613
1740350148.5462296 0.1 0.1333747710023554
1740350148.549594 0.1 0.13338574423480076
1740350148.5538206 0.1 0.13339234198793593
1740350148.558414 0.1 0.13391452543261662
1740350148.564202 0.1 0.1344265514532601
1740350148.5697703 0.1 0.1349554624050302
1740350148.5732508 0.1 0.13496852046169994
1740350148.5791137 0.1 0.13549868766404205
1740350148.5837216 0.1 0.13549868766404205
1740350148.58853 0.1 0.13550696086157088
1740350148.5941522 0.1 0.13603810775295666
1740350148.598983 0.1 0.13656373193166882
1740350148.6073263 0.1 0.13709571391007103
1740350148.6147494 0.1 0.1370861797162375
1740350148.6202266 0.1 0.1370861797162375
1740350148.6224568 0.1 0.13813715186547548
1740350148.6255999 0.1 0.13816482359136395
1740350148.6290996 0.1 0.13869863013698636
1740350148.6349862 0.1 0.13869863013698636
1740350148.639513 0.1 0.13869863013698636
1740350148.644147 0.1 0.13922550052687033
1740350148.6488004 0.1 0.13978352692713836
1740350148.6541119 0.1 0.1397952443857331
1740350148.6587856 0.1 0.14033174729051012
1740350148.6649108 0.1 0.14086462189317817
1740350148.6688688 0.1 0.14088562351072276
1740350148.673601 0.1 0.14144998673388165
1740350148.6789837 0.1 0.14144998673388165
1740350148.6835515 0.1 0.14144998673388165
1740350148.6892536 0.1 0.14198063146723272
1740350148.6948235 0.1 0.14254852432863596
1740350148.6986058 0.1 0.18943381180223295
1740350148.704333 0.1 0.1926622980798538
1740350148.7094889 0.1 0.19211804533411825
1740350148.714312 0.1 0.19196562032884912
1740350148.7193336 0.1 0.19244956338452268
1740350148.7241821 0.1 0.1926737160120846
1740350148.7308226 0.1 0.19229311912700808
1740350148.7348888 0.1 0.1916868748105487
1740350148.739339 0.1 0.19354345165238684
1740350148.7447147 0.1 0.19413429183236475
1740350148.7485998 0.1 0.19339694656488549
1740350148.7538788 0.1 0.1935854255970606
1740350148.7587557 0.1 0.1940287110568113
1740350148.763767 0.1 0.19409202078874954
1740350148.7684927 0.1 0.19472477064220173
1740350148.7748466 0.1 0.19472477064220173
1740350148.7788234 0.1 0.1961438209138302
1740350148.78507 0.1 0.1973704385157926
1740350148.792852 0.1 0.19857449417535245
1740350148.7962337 0.1 0.19984662576687118
1740350148.7997167 0.1 0.20135467980295574
1740350148.803328 0.1 0.2026340110905731
1740350148.8088067 0.1 0.203322540857231
1740350148.8133552 0.1 0.20391491985203447
1740350148.8191173 0.1 0.2043846153846154
1740350148.8245275 0.1 0.20512326656394464
1740350148.8286352 0.1 0.20628078817733986
1740350148.8342855 0.1 0.20625577100646342
1740350148.8385804 0.1 0.20699753390875464
1740350148.8443847 0.1 0.2077927092987335
1740350148.8489838 0.1 0.2076395312981807
1740350148.8535628 0.1 0.20761405672009858
1740350148.858956 0.1 0.20828192473781626
1740350148.8635323 0.1 0.20943759630200298
1740350148.8688831 0.1 0.2094115834873691
1740350148.873658 0.1 0.20981868469575904
1740350148.8791819 0.1 0.21040706605222725
1740350148.8838184 0.1 0.211021505376344
1740350148.8895242 0.1 0.2115561694290975
1740350148.8937392 0.1 0.21195652173913038
1740350148.9000313 0.1 0.2127839165131984
1740350148.9042113 0.1 0.21398435102792268
1740350148.909355 0.1 0.21398435102792268
1740350148.9144921 0.1 0.21468058968058967
1740350148.9195263 0.1 0.21468058968058967
1740350148.9242458 0.1 0.21613300492610832
1740350148.9292362 0.1 0.21643909174593423
1740350148.9356792 0.1 0.21783738087918847
1740350148.9396722 0.1 0.21792307692307689
1740350148.9445393 0.1 0.21892265193370175
1740350148.9496973 0.1 0.21976923076923072
1740350148.9545984 0.1 0.22023809523809534
1740350148.9595203 0.1 0.2217940813810111
1740350148.964666 0.1 0.22232472324723251
1740350148.9695055 0.1 0.2229064039408868
1740350148.9742637 0.1 0.22487745098039214
1740350148.9803045 0.1 0.22521419828641376
1740350148.9854436 0.1 0.22677261613691924
1740350148.990494 0.1 0.22858017135862907
1740350148.9954903 0.1 0.23015873015873023
1740350149.0005403 0.1 0.23142509135200973
1740350149.0050287 0.1 0.23359659781287978
1740350149.0097141 0.1 0.23388077858880774
1740350149.0151181 0.1 0.2351515151515151
1740350149.0199816 0.1 0.23641304347826098
1740350149.024502 0.1 0.2385126964933495
1740350149.0303266 0.1 0.2388149939540507
1740350149.0344408 0.1 0.24094202898550732
1740350149.0400712 0.1 0.24123337363966146
1740350149.0445464 0.1 0.24304715840386937
1740350149.0501878 0.1 0.2433494558645708
1740350149.0546484 0.1 0.24547647768395664
1740350149.0601149 0.1 0.24578313253012052
1740350149.0647843 0.1 0.24698431845597102
1740350149.0704737 0.1 0.24819059107358266
1740350149.074897 0.1 0.24939759036144582
1740350149.0796366 0.1 0.24969915764139583
1740350149.0858724 0.1 0.2515042117930204
1740350149.0907428 0.1 0.25210589651022874
1740350149.0949585 0.1 0.25390625
1740350149.1002083 0.1 0.25450180072028816
1740350149.1051629 0.1 0.25540216086434575
1740350149.1100028 0.1 0.2569110576923077
1740350149.1146598 0.1 0.25780312124849947
